Currently:
(2, 1, 64, 0.0001, 64, 0.012589254117941675)
num_layers: [1, 2], (2, 1, 64, 0.0001, 64, 0.012589254117941675)
inside_layers: [0, 1], (2, 1, 64, 0.0001, 64, 0.012589254117941675)
proj_hidden_size: [32, 64], (2, 1, 64, 0.0001, 64, 0.012589254117941675)
l2_reg: [0.0001 0.01  ], (2, 1, 64, 0.0001, 64, 0.012589254117941675)
hidden_size: [32, 64], (2, 1, 64, 0.0001, 64, 0.012589254117941675)
lr: [7.94328235e-05 2.81838293e-04 1.00000000e-03 3.54813389e-03
 1.25892541e-02], Number of parameters in model rnn: 63311
 Mean validation loss: 2.661232280731201

 Currently:
(2, 1, 32, 0.0001, 64, 0.012589254117941675)
num_layers: [1, 2], (2, 1, 32, 0.0001, 64, 0.012589254117941675)
inside_layers: [0, 1], (2, 1, 32, 0.0001, 64, 0.012589254117941675)
proj_hidden_size: [32, 64], (2, 1, 32, 0.0001, 64, 0.012589254117941675)
l2_reg: [0.0001 0.01  ], (2, 1, 32, 0.0001, 64, 0.012589254117941675)
hidden_size: [32, 64], (2, 1, 32, 0.0001, 64, 0.012589254117941675)
lr: [7.94328235e-05 2.81838293e-04 1.00000000e-03 3.54813389e-03
 1.25892541e-02], Number of parameters in model rnn: 57647
 Mean validation loss: 2.674502229690552

 Currently:
(2, 0, 32, 0.0001, 64, 0.012589254117941675)
num_layers: [1, 2], (2, 0, 32, 0.0001, 64, 0.012589254117941675)
inside_layers: [0, 1], (2, 0, 32, 0.0001, 64, 0.012589254117941675)
proj_hidden_size: [32, 64], (2, 0, 32, 0.0001, 64, 0.012589254117941675)
l2_reg: [0.0001 0.01  ], (2, 0, 32, 0.0001, 64, 0.012589254117941675)
hidden_size: [32, 64], (2, 0, 32, 0.0001, 64, 0.012589254117941675)
lr: [7.94328235e-05 2.81838293e-04 1.00000000e-03 3.54813389e-03
 1.25892541e-02], Number of parameters in model rnn: 56591
Mean validation loss: 2.662121534347534

(2, 0, 32, 0.0001, 32, 0.012589254117941675)
num_layers: [1, 2], (2, 0, 32, 0.0001, 32, 0.012589254117941675)
inside_layers: [0, 1], (2, 0, 32, 0.0001, 32, 0.012589254117941675)
proj_hidden_size: [32, 64], (2, 0, 32, 0.0001, 32, 0.012589254117941675)
l2_reg: [0.0001 0.01  ], (2, 0, 32, 0.0001, 32, 0.012589254117941675)
hidden_size: [32, 64], (2, 0, 32, 0.0001, 32, 0.012589254117941675)
lr: [7.94328235e-05 2.81838293e-04 1.00000000e-03 3.54813389e-03
 1.25892541e-02], Number of parameters in model rnn: 16271
Final validation (2, 0, 32, 0.0001, 32, 0.012589254117941675)
	Mean validation loss: 2.7008389949798586

Currently:
(2, 0, 32, 0.0001, 32, 0.0035481338923357567)
num_layers: [1, 2], (2, 0, 32, 0.0001, 32, 0.0035481338923357567)
inside_layers: [0, 1], (2, 0, 32, 0.0001, 32, 0.0035481338923357567)
proj_hidden_size: [32, 64], (2, 0, 32, 0.0001, 32, 0.0035481338923357567)
l2_reg: [0.0001 0.01  ], (2, 0, 32, 0.0001, 32, 0.0035481338923357567)
hidden_size: [32, 64], (2, 0, 32, 0.0001, 32, 0.0035481338923357567)
lr: [7.94328235e-05 2.81838293e-04 1.00000000e-03 3.54813389e-03
 1.25892541e-02], Number of parameters in model rnn: 16271
Final validation (2, 0, 32, 0.0001, 32, 0.0035481338923357567)
	Mean validation loss: 2.764516592025757

(1, 1, 64, 0.0001, 64, 0.012589254117941675)
num_layers: [1, 2], (1, 1, 64, 0.0001, 64, 0.012589254117941675)
inside_layers: [0, 1], (1, 1, 64, 0.0001, 64, 0.012589254117941675)
proj_hidden_size: [32, 64], (1, 1, 64, 0.0001, 64, 0.012589254117941675)
l2_reg: [0.0001 0.01  ], (1, 1, 64, 0.0001, 64, 0.012589254117941675)
hidden_size: [32, 64], (1, 1, 64, 0.0001, 64, 0.012589254117941675)
lr: [7.94328235e-05 2.81838293e-04 1.00000000e-03 3.54813389e-03
 1.25892541e-02], Number of parameters in model rnn: 30031
Final validation (1, 1, 64, 0.0001, 64, 0.012589254117941675)
	Mean validation loss: 2.6713095188140867

(1, 1, 32, 0.0001, 64, 0.012589254117941675)
num_layers: [1, 2], (1, 1, 32, 0.0001, 64, 0.012589254117941675)
inside_layers: [0, 1], (1, 1, 32, 0.0001, 64, 0.012589254117941675)
proj_hidden_size: [32, 64], (1, 1, 32, 0.0001, 64, 0.012589254117941675)
l2_reg: [0.0001 0.01  ], (1, 1, 32, 0.0001, 64, 0.012589254117941675)
hidden_size: [32, 64], (1, 1, 32, 0.0001, 64, 0.012589254117941675)
lr: [7.94328235e-05 2.81838293e-04 1.00000000e-03 3.54813389e-03
 1.25892541e-02], Number of parameters in model rnn: 24367
Final validation (1, 1, 32, 0.0001, 64, 0.012589254117941675)
	Mean validation loss: 2.6808704376220702


Currently:
(1, 0, 64, 0.0001, 64, 0.012589254117941675)
num_layers: [1, 2], (1, 0, 64, 0.0001, 64, 0.012589254117941675)
inside_layers: [0, 1], (1, 0, 64, 0.0001, 64, 0.012589254117941675)
proj_hidden_size: [32, 64], (1, 0, 64, 0.0001, 64, 0.012589254117941675)
l2_reg: [0.0001 0.01  ], (1, 0, 64, 0.0001, 64, 0.012589254117941675)
hidden_size: [32, 64], (1, 0, 64, 0.0001, 64, 0.012589254117941675)
lr: [7.94328235e-05 2.81838293e-04 1.00000000e-03 3.54813389e-03
 1.25892541e-02], Number of parameters in model rnn: 25871
100%|█████████████████████████████████████████████████████████████████████████████████████████████████████████████████████████| 25/25 [00:12<00:00,  2.04it/s]
Final validation (1, 0, 64, 0.0001, 64, 0.012589254117941675)
	Mean validation loss: 2.6694228649139404
